141637  346.099   21.706   15150
142096  350.720   25.380    7929
142114  346.879   21.614   14710
142165  347.519   22.148    3066
142184  347.934   22.545    5028
142250  345.570   20.005    1845
142301  347.100   21.510    2227
142315  348.982   23.299     422
142378  351.648   25.658    3178
142883  350.886   24.086    2404
142884  348.965   22.254     595
142990  348.121   21.197    4843
143018  347.217   20.231  183800
143275  350.099   22.491  226100
144217  353.195   23.600  169400
144334  350.349   20.855    2350
144470  352.752   22.773   34040
144661  349.996   19.969    1418
144844  350.736   20.368    1240
145482  348.118   16.836   25220
145483  347.747   16.498    1113
145501  354.616   22.711     723
145502  354.611   22.701   26937
145792  351.012   19.029    1444
146001  350.389   18.118    1414
146416  353.983   20.598     450
147165  351.315   16.999   47550
147933  353.688   17.687    9564
148184  357.677   20.677    8827
148479  351.950   15.060    3449
148605  353.100   15.796   13970
149438  351.536   12.808  321300
